A = [1,-1,2;3,-3,6;1,-1,2]

A =

     1    -1     2
     3    -3     6
     1    -1     2

format bank
eigs(A)

ans =

          0.00
          0.00
         -0.00